{
 "cells": [
  {
   "cell_type": "code",
   "execution_count": 1,
   "metadata": {},
   "outputs": [
    {
     "data": {
      "text/plain": [
       "2"
      ]
     },
     "execution_count": 1,
     "metadata": {},
     "output_type": "execute_result"
    }
   ],
   "source": [
    "1+1"
   ]
  },
  {
   "cell_type": "code",
   "execution_count": 2,
   "metadata": {},
   "outputs": [
    {
     "data": {
      "text/plain": [
       "4×4 Array{Float64,2}:\n",
       " 0.255426  0.813665  0.249297  0.47797 \n",
       " 0.844952  0.905776  0.76443   0.689495\n",
       " 0.470318  0.140608  0.133495  0.232295\n",
       " 0.484032  0.329189  0.520539  0.78568 "
      ]
     },
     "execution_count": 2,
     "metadata": {},
     "output_type": "execute_result"
    }
   ],
   "source": [
    "a = rand(4,4)"
   ]
  },
  {
   "cell_type": "code",
   "execution_count": 3,
   "metadata": {},
   "outputs": [
    {
     "data": {
      "text/plain": [
       "4×4 Array{Float64,2}:\n",
       " -0.322228   0.119451   2.86433   -0.75567 \n",
       "  1.35879    0.284151  -0.202783  -1.01603 \n",
       " -2.28476    2.51781   -3.50576    0.216881\n",
       "  1.14293   -1.86078    0.643028   2.02034 "
      ]
     },
     "execution_count": 3,
     "metadata": {},
     "output_type": "execute_result"
    }
   ],
   "source": [
    "inv(a)"
   ]
  },
  {
   "cell_type": "code",
   "execution_count": null,
   "metadata": {
    "collapsed": true
   },
   "outputs": [],
   "source": []
  }
 ],
 "metadata": {
  "kernelspec": {
   "display_name": "Julia 0.6.0",
   "language": "julia",
   "name": "julia-0.6"
  },
  "language_info": {
   "file_extension": ".jl",
   "mimetype": "application/julia",
   "name": "julia",
   "version": "0.6.0"
  }
 },
 "nbformat": 4,
 "nbformat_minor": 2
}
